SVR(C=37.34402830102337, epsilon=0.0005837165390666996,
    gamma=0.010403365938360156)