SVR(C=32.97291769728296, epsilon=0.00027887449092634154,
    gamma=0.00791121973367201)