SVR(C=37.53529206297396, epsilon=0.0015352363709454516,
    gamma=0.009953081675309608)