SVR(C=33.03530967301103, epsilon=0.002467690863426995,
    gamma=0.009537923227603431)